0 0.16518987341772154 0.640625 0.28287974683544304 0.5229375
0 0.3951898734177215 0.4458125 0.27664556962025316 0.6
0 0.3972784810126582 0.8176875000000001 0.2175632911392405 0.31456249999999997
0 0.6842721518987341 0.4229375 0.1375 0.2916875
0 0.7364873417721519 0.6541875 0.1364873417721519 0.23331249999999998
0 0.6568354430379747 0.8301875000000001 0.13325949367088608 0.2729375
0 0.7871202531645569 0.1291875 0.10905063291139241 0.1958125
0 0.8198417721518987 0.4426875 0.1301898734177215 0.2770625
0 0.8636075949367088 0.6333125 0.13674050632911391 0.2458125
0 0.8609810126582278 0.2926875 0.11753164556962026 0.2104375
