2 0.66796875 0.8078125 0.1828125 0.16875
2 0.39765625 0.7546875 0.1734375 0.18125
2 0.56015625 0.1546875 0.1671875 0.175
2 0.74375 0.41484375 0.15 0.1578125
2 0.95703125 0.415625 0.0859375 0.159375
2 0.5515625 0.675 0.184375 0.171875
2 0.73125 0.6171875 0.18125 0.16875
2 0.59375 0.3859375 0.175 0.178125
2 0.95546875 0.63359375 0.0890625 0.1328125
2 0.45859375 0.25703125 0.1640625 0.1640625
2 0.4625 0.43515625 0.153125 0.1796875
2 0.63359375 0.25703125 0.1671875 0.1671875
2 0.46640625 0.59765625 0.1515625 0.1484375
2 0.52265625 0.8078125 0.1078125 0.121875
2 0.61328125 0.521875 0.1890625 0.15625
2 0.9875 0.8046875 0.025 0.11875
