0 0.4022222222222222 0.11777777777777777 0.2088888888888889 0.21333333333333335
0 0.5955555555555555 0.1688888888888889 0.18666666666666668 0.1688888888888889
0 0.20444444444444446 0.7333333333333333 0.23555555555555555 0.21777777777777776
0 0.14666666666666667 0.36666666666666664 0.2222222222222222 0.20444444444444446
0 0.5555555555555556 0.6355555555555555 0.17333333333333334 0.1688888888888889
0 0.7288888888888889 0.7177777777777777 0.17777777777777778 0.1688888888888889
0 0.5688888888888889 0.84 0.2088888888888889 0.22666666666666666
0 0.7466666666666667 0.2644444444444444 0.21777777777777776 0.2088888888888889
0 0.45555555555555555 0.46 0.16444444444444445 0.16
0 0.14666666666666667 0.5533333333333333 0.18666666666666668 0.16444444444444445
0 0.8511111111111112 0.5666666666666667 0.21333333333333335 0.19555555555555557
0 0.3711111111111111 0.6088888888888889 0.17333333333333334 0.16444444444444445
0 0.21333333333333335 0.18222222222222223 0.17333333333333334 0.16444444444444445
0 0.4955555555555556 0.29333333333333333 0.1688888888888889 0.1688888888888889
