0 0.09193548387096774 0.5797546012269938 0.15161290322580645 0.26380368098159507
0 0.13548387096774195 0.7760736196319018 0.18064516129032257 0.22699386503067484
0 0.07741935483870968 0.9171779141104295 0.13548387096774195 0.15337423312883436
0 0.20967741935483872 0.8895705521472392 0.12903225806451613 0.19631901840490798
0 0.3258064516129032 0.6993865030674846 0.17419354838709677 0.26993865030674846
0 0.35 0.9049079754601227 0.1774193548387097 0.17791411042944785
0 0.23709677419354838 0.5705521472392638 0.15161290322580645 0.2822085889570552
0 0.3758064516129032 0.3987730061349693 0.17096774193548386 0.26993865030674846
0 0.22258064516129034 0.19325153374233128 0.14193548387096774 0.26380368098159507
0 0.5048387096774194 0.26993865030674846 0.16451612903225807 0.25766871165644173
0 0.6693548387096774 0.36809815950920244 0.20967741935483872 0.34355828220858897
0 0.49838709677419357 0.5858895705521472 0.19032258064516128 0.2883435582822086
0 0.5306451612903226 0.8374233128834356 0.1967741935483871 0.27607361963190186
0 0.7129032258064516 0.8067484662576687 0.18064516129032257 0.2883435582822086
0 0.8806451612903226 0.803680981595092 0.18064516129032257 0.3558282208588957
0 0.8338709677419355 0.5184049079754601 0.1774193548387097 0.32515337423312884
0 0.7677419354838709 0.19631901840490798 0.15483870967741936 0.25766871165644173
0 0.9064516129032258 0.19631901840490798 0.15483870967741936 0.2822085889570552
