2 0.8078125 0.33203125 0.16875 0.1828125
2 0.7546875 0.60234375 0.18125 0.1734375
2 0.1546875 0.43984375 0.175 0.1671875
2 0.41484375 0.25625 0.1578125 0.15
2 0.415625 0.04296875 0.159375 0.0859375
2 0.675 0.4484375 0.171875 0.184375
2 0.6171875 0.26875 0.16875 0.18125
2 0.3859375 0.40625 0.178125 0.175
2 0.63359375 0.04453125 0.1328125 0.0890625
2 0.25703125 0.54140625 0.1640625 0.1640625
2 0.43515625 0.5375 0.1796875 0.153125
2 0.25703125 0.36640625 0.1671875 0.1671875
2 0.59765625 0.53359375 0.1484375 0.1515625
2 0.8078125 0.47734375 0.121875 0.1078125
2 0.521875 0.38671875 0.15625 0.1890625
2 0.8046875 0.0125 0.11875 0.025
