0 0.5367571428571429 0.3250736842105263 0.20252857142857145 0.3518105263157895
0 0.7702142857142856 0.8211368421052632 0.18435714285714289 0.28928421052631575
0 0.21855714285714287 0.46193684210526315 0.2296 0.33816842105263156
0 0.4469571428571429 0.795178947368421 0.19747142857142855 0.2991157894736842
0 0.5994142857142857 0.13987368421052632 0.16390000000000002 0.2469894736842105
0 0.4444142857142857 0.18454736842105263 0.14912857142857142 0.2334315789473684
0 0.2880285714285714 0.14132631578947366 0.1538142857142857 0.24524210526315787
0 0.1283 0.07781052631578947 0.20262857142857144 0.15562105263157894
0 0.1408 0.2820842105263158 0.18637142857142858 0.2413684210526316
0 0.06338571428571428 0.45734736842105267 0.12361428571428572 0.2877894736842105
0 0.40685714285714286 0.5228 0.16927142857142857 0.2736631578947369
0 0.5790428571428571 0.5700842105263159 0.15174285714285715 0.2512842105263158
0 0.7268571428571429 0.5969052631578947 0.16165714285714286 0.23943157894736844
0 0.8108714285714286 0.46166315789473683 0.12967142857142858 0.18882105263157895
0 0.8590428571428572 0.5901894736842105 0.17205714285714285 0.23536842105263156
0 0.8356857142857144 0.2669684210526316 0.14755714285714286 0.2111157894736842
0 0.7079285714285715 0.34294736842105267 0.12062857142857143 0.19
0 0.6675285714285714 0.40437894736842106 0.13505714285714288 0.20993684210526314
0 0.7135428571428571 0.056336842105263164 0.1509 0.11269473684210526
0 0.8503999999999999 0.07166315789473685 0.11032857142857143 0.1433263157894737
0 0.9387142857142857 0.0732 0.09012857142857143 0.1323578947368421
0 0.9199714285714286 0.21054736842105265 0.1225 0.1872
0 0.9301571428571429 0.4071157894736842 0.13968571428571427 0.20602105263157894
0 0.9706285714285715 0.6129052631578947 0.05872857142857143 0.1731578947368421
0 0.9226571428571428 0.765578947368421 0.13738571428571428 0.253978947368421
0 0.6241857142857143 0.7807368421052632 0.14677142857142855 0.22347368421052632
0 0.28145714285714285 0.7202947368421052 0.17245714285714286 0.2522736842105263
0 0.09994285714285714 0.6654947368421053 0.17450000000000002 0.23625263157894735
0 0.15974285714285713 0.8789473684210526 0.17664285714285716 0.2280842105263158
0 0.1062142857142857 0.945621052631579 0.20608571428571426 0.10877894736842106
0 0.31442857142857145 0.9152 0.17805714285714286 0.1696
0 0.32801428571428576 0.3182315789473684 0.18937142857142858 0.2200842105263158
0 0.7503000000000001 0.15105263157894736 0.12598571428571428 0.20387368421052632
